-0.45856196
-1.0806295
0.13518323
-0.40627241
-0.92243636
-0.4114596
-0.76977849
-0.84565913
-0.55483871
-0.23701361
0.57391067
-0.84159156
-0.56445628
-0.71481185
-1.0393969
-0.45961258
-0.71227629
-1.0824349
-1.0720971
0.10456002
-1.0659501
-0.36130476
-1.321391
-0.85670682
-1.6071853
-1.3350115
-0.22461051
-0.95707689
-0.31359029
-0.83591009
-0.37360528
-0.31357166
-0.12721569
-0.7466324
-0.95948172
-0.46885238
-0.87808149
0.27533821
-0.52148801
-1.0177632
-0.86710798
0.10345452
-0.73164187
0.26279852
-0.56173856
0.0015807893
-0.68721639
-1.2009403
-0.41183722
-0.32849596
-0.5561243
-0.34523764
0.30367713
-0.38762209
-1.0529506
-0.1331679
0.051864287
-0.66416032
-0.77132269
-0.65142322
0.083643931
-0.84574528
-0.85648675
-0.30979749
-0.52010159
-0.86792093
-0.49218816
0.11135045
-0.73630413
0.22089018
-0.69955763
-0.71568457
-0.79180234
0.38997618
-1.0147583
-0.43395561
-0.63433317
0.11976628
-0.3038512
-1.0224775
-0.24847789
-0.67017874
-0.72439483
-0.87165344
-1.131689
-0.51297118
-0.35125936
-1.4623513
-0.34427276
-1.3148542
-0.31746235
-0.86386689
-0.2159281
-1.0438164
-0.57762209
-0.57669627
-0.87818869
-0.27091211
-0.28416434
-1.2571569
-0.80068227
0.53800203
0.20519478
-0.020543501
0.36094361
-0.40754537
0.58543925
0.72936378
0.77852099
1.1251423
-0.0025841103
0.093568848
0.25131023
1.3123154
0.90206271
0.40982003
1.3327808
1.1100424
-0.012771364
0.13060167
0.44679809
-0.59030042
1.0895212
0.28009889
-0.40934756
0.14756753
0.83087653
0.99997856
0.33661784
1.5823744
0.47374268
0.022795627
0.77522704
0.0038819505
-0.4910372
-0.079313481
0.85546202
-0.44314822
0.16249287
0.44119391
0.64323485
0.51707647
0.25451979
0.41982645
0.34700413
-0.12511961
0.47250477
0.18368756
-0.17152951
1.1713605
-0.28385442
0.11966331
0.65069398
0.18394453
-0.022584958
-0.53111942
1.0693243
0.042716476
0.81868789
1.0014434
0.62262332
0.24937903
0.87319102
0.94461296
0.97336991
1.1217262
-0.34083912
0.6198251
0.49235177
0.60164532
0.41234413
0.4120786
1.0433899
0.69677485
-0.60946351
0.13362647
0.29551875
0.11714673
0.43259926
0.78012928
0.82583388
0.0096086121
0.38946969
0.53766749
0.10416274
0.6103361
0.60371696
-0.14559511
0.35785054
0.28951234
0.32670284
0.019132789
0.31278368
0.58592446
0.29421831
-0.020319334
-0.24583765
0.73084287
0.032246765
-0.48080999
