-1.1995906
-0.69245547
-0.42251335
-0.39332905
-0.80611534
-2.0491778
-0.8113598
-0.6723771
0.22488633
-0.41647229
-0.22315022
-0.51438147
-0.9212523
-0.41993459
-0.8730387
-0.50391103
-0.65935533
-0.68586037
-0.51819431
-0.13617984
-0.33509701
-0.97025644
-0.57554892
0.30926091
-0.28249986
-1.2757945
-0.55351601
-0.36140572
-0.23796912
-0.847776
-0.86387765
-0.6030941
-0.810004
-0.017054495
-0.1134393
-0.012897005
-0.21746128
-0.66892204
-0.40165237
-0.020343135
-0.27238048
-0.36290721
-0.50111955
0.066450715
-0.85327926
-1.0561681
-0.38256195
-0.57093515
-1.2116209
-0.67249961
-0.41218958
-0.91090499
-0.53532929
-0.46551047
-0.40328228
-0.82938236
-0.57509084
-0.91675668
-0.18734057
-0.7734857
-0.41306797
-0.81891692
-0.96181056
-0.24696298
-0.61015108
-0.85012422
-0.40577804
-0.24351517
-0.76532999
-0.3071989
-0.37742549
-0.10328166
-0.619259
-0.44581282
-0.66933788
-0.58139911
-0.66553569
-0.59695566
-1.0278955
-0.4548563
-0.54328486
-0.4528071
-0.74389774
-0.73483729
-0.94948306
-0.51126388
-1.3755626
-0.52237565
-0.82511943
-0.40088597
-0.03445015
-0.27578988
-1.0373383
-0.83309849
-0.25341307
-0.62380839
-0.015141283
-0.9941261
-0.51732762
-0.73936562
0.78957235
-0.01748266
0.33945609
0.90104563
0.83412102
0.82268939
0.097904661
-0.0033968964
0.29452399
0.54625918
0.52191266
0.92685575
0.57717125
0.29244123
1.4972332
0.46576931
1.1301232
0.40000518
0.21843822
-0.26798345
0.70721203
0.36720882
-0.28766633
0.74148932
0.50948314
-0.0044641562
0.27616873
1.4654238
0.28715166
0.14763438
0.91947668
0.60691427
0.95778657
0.67783888
-0.035213747
0.13382902
0.16692126
0.54795933
0.27807312
0.059529398
-0.1304591
0.082289761
0.51400535
1.9868098
-0.21843144
1.4463659
-0.08798494
0.25937529
0.41903531
-0.027547528
0.28227167
0.2332231
0.92931071
0.27212764
0.77578015
0.75360367
0.5930644
0.30068371
0.35656442
-0.42825046
-0.62329621
0.32238951
0.98941983
1.2350969
0.10216835
0.79257196
1.1271351
-0.02563577
0.79485012
-0.32543701
0.37033936
-0.11552793
-0.030076836
1.2182337
0.75562104
0.67925267
0.13343333
-0.069695594
-0.059705238
0.60143795
1.2884661
0.60079582
0.064107256
0.53406743
0.38844564
0.21044059
0.17568199
0.60740798
0.11573625
0.32673894
0.29960773
0.36379034
0.57481435
1.5407078
0.31777658
0.4548364
-0.64907945
1.7461719
0.43925927
0.29189354
