-0.48002823
-0.27247935
-0.86742315
-0.57094005
-0.17819547
-0.85401282
-0.44958692
-0.32912169
-0.16043564
-0.32961491
-0.58162338
-0.95212659
-0.69743414
-0.58758659
-0.82868149
-0.18932026
-0.68131588
-0.21802877
-0.57817843
-1.1942636
0.023313545
-0.39593265
0.091820791
-1.0919098
-0.76785856
-1.4747706
0.11190673
-0.55636628
-0.31094613
-0.59489087
0.3288104
-0.50291525
0.21970237
-0.25161267
-0.91629168
-0.84919136
-0.97066953
-0.7965799
0.3955297
-0.51795069
-0.58111896
-0.41622127
-0.49620396
-0.32106853
-0.7860964
-1.2701834
-0.062324428
-0.6558659
-1.0570442
-1.4892926
-0.76903096
-0.83637763
-0.43132653
-0.48984645
-0.78842688
-0.26785704
-0.69613598
1.0396496
-0.72342471
-1.0291142
-0.30250311
-0.61705866
-0.78895462
-0.21969608
-0.96068066
-0.013143408
-0.47237984
0.00987098
-1.0373718
-1.1532719
-0.033372797
-0.60200995
-0.4392317
-0.53263925
-0.065731816
-0.15749314
0.20959781
-0.92329157
-0.85898499
-0.12420625
-0.7657043
-0.58387352
0.36080584
-0.57554106
-0.11870213
0.43904185
-0.52858516
-0.81817357
-0.34001228
0.24649705
-0.36786922
-1.1272136
-1.0184712
-0.4394434
0.60767577
-0.10178694
-0.37037483
-0.18406099
-0.31667215
-0.43615382
0.033079573
0.52292102
0.56581861
0.060435004
0.76629406
1.0199451
0.65099783
0.84004839
0.78744747
0.073384562
0.49158287
-0.10265398
0.78143976
1.5743915
0.79809523
0.43097777
0.62515994
-0.11033853
1.3352425
0.34835944
0.30851528
1.3418566
-0.15852515
1.2312066
0.80844746
0.46224235
0.71001055
0.87531489
0.90279884
0.35561741
0.27202996
1.0827532
0.28906041
0.69900991
0.19983437
0.71103307
0.21596109
0.92297098
0.38410442
1.0622325
0.40685355
1.4595497
1.4127207
-0.090129636
0.57093145
0.09036981
0.7736929
0.2312987
0.95301495
0.4686129
1.014787
0.63893621
1.5547844
0.31223771
-0.17885079
0.62754959
0.39195453
0.78950434
0.90716841
1.2068423
0.8641305
0.23317389
0.48002278
-0.092505105
0.63088085
-0.16440871
1.2269209
0.82763413
0.18862138
0.72684053
0.98895922
1.0429827
0.51326381
0.84008609
0.35110008
0.60277938
-0.070932177
1.4789126
0.64826043
0.26951837
0.41213247
-0.3556624
0.64916132
0.21357971
-0.047438397
0.44353294
0.034992347
-0.26074484
-0.16983787
-0.23427075
0.29490775
-0.22569384
0.084078267
1.0198975
0.85727217
0.43490572
0.34511888
0.78839594
0.81356902
-0.085237673
