-1.1746714
-1.028346
-0.96214431
-1.6108907
-0.0179725
-0.70774609
-0.6542768
-0.48301042
-1.0789412
-0.38938986
-0.11591532
-0.66711049
-0.4447107
-0.89057298
0.26411716
-0.70602239
-0.40243746
-0.25669965
-1.2185425
-0.40447635
-0.28053721
-0.74170268
-0.79575465
0.12644632
-0.29666004
-0.49772334
-0.17124758
-0.64955989
-0.55397732
-0.46391657
-0.33393533
-0.45990319
-0.85167752
-0.41606542
-0.74972479
-0.73952987
-1.026759
-0.28221781
-0.24675434
-1.1437934
-0.90197557
-0.43619944
0.35646046
-0.8461284
-1.3696734
-0.47998829
0.40866959
-0.2212244
0.42038364
-0.56625657
-0.98292024
-1.0248411
0.13818639
-0.47811447
-0.80589221
-0.33610078
-0.63637891
-0.41435746
-0.53758389
-0.55540989
-0.8326794
0.0082734161
-0.36631381
-0.62633111
-1.1435537
-0.60638878
-0.29449688
-0.27478304
-0.22054271
0.6074333
-0.40060643
-0.92766672
-0.047340664
-1.0237083
-0.15575317
-0.027144838
-0.31506147
-0.8301407
-0.86631805
-0.04991359
-2.5000725
-0.48043555
-1.1963687
-0.51711476
-0.39055881
-0.17488916
-0.510143
-0.66680182
-0.77931664
-1.2655129
-0.30812097
-0.9086496
-0.33538022
-0.28150481
-0.50895423
-1.0612707
-0.45733728
-0.95584136
-1.5023607
-0.39788963
0.42238866
1.772032
1.3642195
1.0858967
1.2521669
-0.30755137
0.21701986
0.7497837
1.0309661
0.53560282
0.075238888
0.21886601
-0.67926397
0.71497534
1.6046118
0.037220999
1.1604242
0.63735483
0.77520023
0.56520067
0.87212737
0.12078718
0.050859514
0.22513866
1.2008797
-0.24095535
0.53284229
-0.0063328561
0.1835833
0.1263664
-0.30525266
0.96617654
1.4969399
0.68241202
1.2346504
0.66809916
0.99194385
1.0151768
0.2227906
0.0090284111
1.0857014
0.034681384
0.59343374
0.67188367
1.1449902
0.55515858
-0.0035980787
0.75707594
0.94038153
0.16749824
-0.57499174
0.3238801
0.54487428
0.58805088
0.72138924
0.18841906
0.9576084
1.7405665
0.22253063
0.78945138
0.15924019
0.69008961
0.30242877
0.72181895
0.3927275
0.6298159
1.0503219
0.44150803
0.93584863
0.61142541
0.60775459
0.47038942
0.27967571
1.1444103
0.26794469
0.48854637
0.72901035
1.0349277
-0.085112293
-0.19970825
0.096167112
1.061753
0.1284273
2.0614773
0.36145485
0.33319849
-0.15257622
0.13204496
1.075061
1.000979
0.79861213
0.53956033
1.1905993
-0.036765617
-0.17004615
0.46027787
0.91356827
0.41091481
-0.26401061
1.3567416
