-0.89976944
-0.56625461
1.097556
0.78397937
-1.6745049
-3.0577537
-0.33464813
-1.0688444
0.78430183
-0.65574362
0.097742509
-0.62413684
-1.3315265
-0.92963614
-0.79953767
-0.3970174
-0.59735179
-1.3815322
-0.33781853
0.33703158
-0.58548285
-0.88481159
0.023068693
-0.019714352
0.8337573
-1.203908
-0.40837066
0.3660942
0.12003012
-0.39219921
-0.90657201
-0.67830514
-1.8487082
0.82434316
-0.49410449
0.28347125
-0.019572344
-0.32174534
-0.2786991
-0.086338201
-0.27019811
-1.429718
-1.4739448
0.15195607
-1.4638448
-1.12064
-0.79328269
-0.90765376
-1.2091522
-0.46963071
-0.57417819
-1.2894867
-0.70568774
0.1276914
-0.91922113
-1.1395015
-0.5698492
-0.61520598
-0.94613519
-0.66216566
-0.66781675
-1.607319
-3.5163724
-1.152892
-0.75156147
-0.75424591
-0.10969804
-1.1654455
-0.71496124
-0.35218077
-0.04880937
0.22233656
-0.30068408
-0.63519993
-1.2748457
-0.5615725
-0.52307767
-1.1167072
-1.3187932
-0.65149462
0.46143302
-0.93926551
-0.91024578
-1.0519807
-0.95598815
0.24633938
-1.8070581
-0.97933022
-1.4095399
-0.12388539
-0.20713366
-0.69867702
-0.72185712
0.98144801
-0.77748235
-0.80981791
0.081441549
-1.2006147
-1.011278
-0.8856668
1.2293256
-0.27419981
0.98282728
0.61129516
0.95367048
1.483486
-0.45777758
0.75948207
-0.84947009
-0.029385386
0.021745774
0.60613118
1.4730158
0.42039983
2.0264364
1.0521371
2.3851043
-0.077115873
0.16590468
-0.75748759
2.595567
-0.3655486
0.16834298
1.1199726
0.56780486
-0.39646029
-0.48128357
1.8595764
0.36102531
0.31312179
1.0417169
0.82557806
0.4465429
1.6295209
0.14644569
-0.4050031
0.65182956
0.52448044
-0.62108575
-0.010563161
-0.33741422
0.0098083126
0.84780196
2.6001699
0.60634486
1.9613562
0.89208141
-0.26604929
0.58804951
-0.7493613
0.53437692
-0.20162884
0.93159121
-0.27047891
1.8611404
0.63001472
2.2045197
0.73793635
0.46561894
-0.67359967
0.23896178
-0.426169
-0.16367459
2.0604784
0.026305902
1.9997663
1.6795163
0.48519274
-0.2513985
-1.1316135
-0.52968021
-0.22943759
0.12237618
0.47227561
0.54621466
0.3666868
-0.42942106
-0.97194005
0.48711633
-0.096597214
1.0550231
-0.27328535
0.65903511
0.55229669
-0.13072394
-0.22701195
-0.266825
0.39309789
0.55805501
-0.2995357
0.67182263
0.4688517
0.58213762
1.4370172
0.22736007
0.9967418
-0.98763688
1.642951
0.55989242
-0.2776228
