-0.22862481
-0.14637922
-2.0156655
1.9998509
-0.11601531
-0.12713506
-0.48819661
-0.24567979
-0.15776477
-0.55333924
-0.49375841
-0.40450872
-1.4140532
-0.83810255
-0.63423118
-0.43069429
-0.38898252
-1.0810516
-0.12347884
-0.96634396
-0.67567665
-1.1250125
-0.87640028
0.016637958
-1.1495708
-0.96285905
-0.70901538
-0.37299503
-0.78527534
-1.5134832
-0.43606607
-1.3940982
-0.94912118
-1.3731521
0.052184234
-0.67694909
-0.66850551
-0.612789
-0.81017894
0.3445807
-0.2217846
-1.8491134
-1.5355351
-0.68447414
-1.3284846
-0.85034812
0.027910879
0.13328579
-0.88690491
-0.1455512
0.35311663
-0.4286246
-0.74022652
-0.37408024
0.10805639
-1.091832
-0.8633453
0.087228547
-0.31686436
0.082760113
-0.9309648
-0.71308885
-0.024284354
-0.70367881
-0.95882456
-0.3572044
-1.003279
-0.21953273
-0.13421517
-0.13896587
-0.39483562
-0.42281977
-0.14194996
0.40681582
0.27418022
-0.11922732
-0.39009584
-1.4481465
-1.2465492
-0.06449297
-0.75230236
-0.99133163
-0.69034162
-1.5397568
-1.1890059
0.30830818
0.27290293
-0.12751494
-0.48493521
-1.3199526
-0.84856861
-1.2981816
-0.41470491
-1.4587822
-0.52160582
0.52100395
-0.9306217
0.53379302
-1.2239761
-0.71860021
-0.14394268
0.067431622
-0.46762764
1.6030243
0.40108671
-0.34183698
1.0286118
-0.020652025
-0.95336425
0.89813591
0.65356166
0.069407112
1.4969807
-0.15228861
0.30097558
0.14782466
1.4748147
0.28734168
0.23151738
0.50466894
0.77202286
-0.30033094
1.0328336
-0.46677601
-0.46652194
1.0623664
0.39757038
-0.5650077
-0.24270402
0.16459131
0.060105841
-0.19782303
-0.036024706
0.98432474
0.033812069
0.012202883
0.17523464
-0.66531256
1.0733122
-0.37299362
0.97323479
-0.10543492
0.97817282
0.26934703
0.05113624
0.14248767
0.98441063
0.62989259
-0.1392048
0.99670052
-0.25823694
3.5375545
0.31176814
1.1573177
-0.31547941
4.9150514
-0.87622955
0.92134569
3.2704607
0.26350995
0.036829783
0.421821
-0.17930015
-0.13164385
0.43882514
-0.41949627
0.40258118
1.1159397
-0.33297362
1.3860605
-1.154208
-0.048792857
-0.52679222
0.37325612
-0.20805436
1.1926652
0.57975572
1.1463922
1.2510868
0.51942662
2.5138424
-0.2344041
0.7029097
0.21271452
0.30024502
-0.50509035
1.2175895
1.2906288
-0.25877959
0.33471744
1.7729122
0.54575373
1.8821024
-0.81426337
-0.51269902
-0.68516651
-0.17499623
-0.49217332
0.73865387
1.1264933
