-0.28114223
-0.83885054
0.43425609
-0.24677418
-0.79974079
-0.21900973
-0.046812015
-0.78344893
-0.21003117
0.64856005
0.28924355
-0.82857413
-0.18362281
-0.99791093
0.40978992
0.35138858
-0.2640976
-0.71537087
-0.71855377
0.48019687
-1.5336824
-0.64286866
-0.93530782
-1.2437507
-0.76258115
-1.1423576
0.23885166
-0.51557963
-0.83908848
-1.1054983
-0.96230905
-0.44760945
-0.44711611
-0.21446852
-0.7800812
-1.0050369
-1.1098087
-0.25251547
-0.31782102
-1.60072
-0.6496912
0.43523873
-1.1355943
0.97148289
-0.51053882
0.36772342
-0.35234942
-0.77228386
-0.71515513
-0.31416723
-0.20840315
0.47344859
-0.50226019
-0.036062756
-0.18601383
0.2526493
0.2766269
0.054622771
-1.0136627
-0.72904868
-0.42782676
-1.2869582
-1.0428675
-0.33535671
-0.5457691
-0.24115931
-0.54633543
-0.45281687
-1.1313127
-0.14393017
-0.88420952
-0.4447454
-0.36733555
-0.12545853
-0.49125233
-0.63862027
-0.58198867
-0.70189966
-0.15830568
-0.96361953
-0.20130243
-0.71492211
-0.61012884
-0.15125838
-0.94695986
-0.40358866
-0.053582844
-0.86359548
-0.2221593
-1.5885001
-0.80079977
-0.59758141
-0.61712187
-1.1045021
-0.42582734
-0.7886373
-0.80432194
0.13980396
-0.25311419
-1.3937715
-0.26104307
1.0446279
0.30996932
-0.37762273
1.0695691
-0.91113295
0.30888676
1.1086157
1.190614
0.94976672
-0.15174399
-0.91376138
0.40878512
0.48923314
1.046832
0.51942089
0.1905222
0.43357645
-0.7086101
-0.94386936
-0.039007147
-0.66420797
1.1353026
-0.23278456
-0.87624702
-0.048390429
-0.25900317
0.48619866
1.149423
1.6065242
0.2477513
-0.55076984
-0.080837712
0.30484506
-0.66312084
-0.30925582
0.83775771
0.037041452
0.1129485
-0.033367262
-0.38337149
1.0614093
-0.097547505
0.22429056
-0.58912053
0.2361705
-0.068027442
-0.055753698
-0.6634318
0.14263539
-0.69950012
0.062571604
-0.22178676
0.013316281
-0.33568507
-0.82746773
-0.1794645
-0.5505449
0.15705369
0.31631004
0.47333167
-0.27489724
0.76761834
1.1580777
1.3302038
0.6200539
-0.32820275
1.6238096
0.48263894
0.24289215
1.3457701
0.28261458
0.6419693
0.31117768
-0.56515054
-0.39203881
-0.59808146
-0.49275982
-0.4961711
0.37461666
0.50784091
-0.58165234
-0.30021289
0.31047816
0.46724933
0.37901636
0.41288367
0.083698721
0.61074214
-0.51274937
-0.64638133
-0.71363555
0.12780898
-0.0092925096
0.19139526
-0.050788193
-0.40497893
0.22797108
-0.26990095
-0.45246061
