-0.66856705
-0.26225245
-0.46860545
-0.36448472
-0.062179353
-0.82733617
-0.19057289
-0.48851337
-0.3101294
-0.59665746
-0.35987027
-0.42930015
-0.48061224
-0.60673819
-0.41840042
-0.26773653
-0.24564591
-0.3666952
-0.3457073
-0.61828692
-0.21453806
-0.27485174
-0.49261477
-0.77609028
-0.69096279
-1.0861669
0.41252158
-0.52121444
-0.10299511
-0.55170053
0.3417885
-1.0630627
0.47772846
-0.36465172
-0.54408196
-1.0656085
-0.94885629
-0.5532904
0.46509446
-0.75210625
-0.86647402
-0.39420431
-0.34623318
-0.33377064
-0.91524113
-0.83518466
-0.19486376
-0.6620357
-1.00546
-1.3985078
-0.83024811
-0.87407851
-0.35969636
-0.49908666
-0.50958175
-0.51315044
-0.18059245
0.95160777
-0.9783782
-0.75259339
-0.13554844
-0.022257676
-1.2633819
-0.31141727
-0.98099881
0.10156627
-0.77734077
-0.35864002
-1.239292
-1.3554166
-0.071621237
-0.67455385
0.005663112
-0.40688299
0.25303437
-0.32384449
0.20631814
-0.78715111
-1.0334222
-0.20577484
-0.63622906
-0.38981694
-0.23799199
-0.39529401
0.027264524
0.31122465
-0.6371771
-0.72297898
-0.41847655
0.44762363
-0.59358885
-1.3547878
-0.74211686
-0.17082669
0.32551955
0.2372082
-0.4288332
-0.24077967
-0.1264497
-0.29431375
-0.41790181
0.32330992
0.32437713
-0.64960159
0.77458393
0.78178099
0.23743446
0.76449254
0.57597065
0.024463691
0.31298864
0.024704937
0.37895487
1.1268665
0.68514757
0.57513446
0.62839432
-0.23653726
1.1834939
-0.21836132
0.4090666
0.96258299
-0.037748602
0.9511219
0.83396668
0.18934142
0.43399142
0.88190424
0.42930036
-0.19562667
0.20702376
1.2132234
0.22787306
0.48569468
0.17891221
0.38724093
-0.25466584
1.1248456
0.01933775
1.1705871
-0.0233696
0.90063067
1.5606726
-0.085345021
0.36076983
-0.39896372
0.92969154
-0.039858308
0.65391369
0.077157465
0.74286275
0.44559957
1.7188399
0.061733425
-0.48151099
0.27270896
-0.0053900924
0.35816906
0.57251478
0.83818578
0.47493388
-0.075074755
0.068759156
-0.080418739
0.54835213
0.32017548
0.53277346
0.80075762
0.095763526
0.45984397
0.57342532
1.3366358
0.43600833
0.56883852
-0.011331911
0.3655738
-0.026782097
1.2117732
0.8224164
0.46180988
0.614764
-0.20538328
0.21723933
-0.069159533
-0.11295357
0.52009353
-0.20557721
-0.1746409
-0.67804807
-0.056578368
0.20386662
0.16388978
-0.3458268
0.78931303
0.34707208
0.18070506
0.07801023
0.4778551
0.41305178
-0.24902841
