-0.33340321
-1.0340438
0.0032246782
0.3890723
-0.89101289
-1.1629034
-1.4283091
-0.16019413
-0.44764937
-0.15707941
0.1415365
-0.10523302
-0.14598261
-0.75634394
0.18237741
-1.192399
-0.67946992
-1.3847307
-0.77160023
0.023926971
-0.20565666
-0.31386179
-1.5171772
-1.2483062
-0.70902877
-0.9758729
-0.7373012
-0.32593386
-0.74147227
-0.5887371
0.045752993
0.0065570656
-0.57948659
-0.92272228
-0.34088306
-0.68952989
-1.3137883
-1.0909501
-0.5899412
-1.3317449
-0.17012818
-0.79572733
-1.3746296
-0.057336309
-0.018107473
0.35038545
-0.76692634
0.41208257
-0.017338618
-0.25539278
-1.8563182
-0.28064036
-1.3642955
-0.32359387
0.14778037
-0.38464595
-0.62308414
0.34133802
-0.51598167
-0.76361899
0.48736701
-0.68086557
0.019394356
-1.7843148
0.2787665
0.49443
-0.78661157
-0.13167428
-0.005785085
-1.6906446
-0.41440754
-0.30103379
-0.58329313
-0.96698073
-0.84748464
-1.0485595
-1.6555334
-0.61140696
-0.31746607
-0.79136465
-0.42785702
0.54323036
-0.82349818
0.12562474
0.72675575
-1.1103955
-0.30952209
-0.90022681
-0.90939904
-0.4871969
0.50327827
-1.2161991
-0.83197519
-1.2511275
-0.57376702
-0.86576753
-1.2893175
0.060582506
-0.56238451
-2.1068335
1.834153
1.096561
-0.10784063
0.94287038
1.1557686
0.85290496
0.98340621
0.42622323
0.78141021
-0.15649832
0.79897979
1.0001409
-0.035000221
-0.27683692
-0.1756161
1.4074692
0.63083376
0.22331885
-0.097985688
1.0356216
0.87528493
0.056086437
0.36153708
0.33590846
0.62966203
0.6290481
1.1966682
1.5771177
0.74011721
0.22875672
1.2170424
0.98333293
1.4570232
0.41613442
1.7855765
1.2325322
0.12621042
1.1306296
0.11451174
0.50803696
0.61542737
0.74679164
0.19615428
-0.35461799
1.4969534
1.2700131
-0.051689249
1.3793909
1.4066784
-0.049768283
1.2648427
1.4299406
0.061646553
-0.090444672
0.98505533
-0.30357975
0.87917321
0.85192345
0.25475291
-0.45416362
1.4923157
0.20050115
1.0339986
0.73468305
0.73663259
0.16154472
0.88749474
1.3495696
-0.17381167
0.94480765
0.96323385
-0.12031995
0.2896301
1.1116659
0.64218839
1.4471423
1.3355234
-0.14771711
0.70019911
1.1226697
0.51676259
0.54291225
0.067964891
0.27692581
1.6483363
0.17413388
0.73162826
0.75298042
1.0036636
0.8823911
0.48872543
-0.50455633
0.33549596
1.9455019
0.74552445
0.52687938
-0.1075611
1.5743568
2.002753
1.2991583
