-0.9699416
-0.85961554
-0.50297215
-0.61063281
-1.0970344
-1.846707
-1.2703089
-1.0051746
0.21878178
-0.37557775
-0.44188769
-0.8612922
-1.3110234
-0.34244592
-0.605332
-0.48695379
-0.5521105
-1.0370744
-0.64870983
0.12614965
-0.22896246
-0.52894493
-0.0048035221
0.37772954
-0.089528768
-1.4121795
-1.0607287
0.0087310905
-0.33263738
-0.91633546
-0.70604383
-1.4059402
-0.75807047
-0.0274411
0.20218711
-0.11800733
-0.028438613
-0.93181539
-0.48027747
-0.4459755
-1.0396099
-1.0687153
-0.59430657
0.29612345
-0.70503465
-1.2033932
-0.41473417
-0.34902146
-0.98951279
-1.0324513
-0.51643207
-1.5379307
-0.42466312
-0.59779718
-0.6824948
-1.0922595
-0.43549191
-1.0915124
-0.26543703
-1.4157219
-0.30690189
-1.2729171
-1.3021883
-0.82322943
-0.86752794
-1.1399409
-0.91477609
-0.55912958
-0.46979054
-0.35392773
-0.42919339
0.029958524
-0.43807619
-0.70024674
-0.70377407
-0.9607119
-0.58821301
-0.74175487
-0.88596108
-0.35286971
-0.1467904
-0.50421385
-0.68432959
-0.89079019
-0.75690506
-0.65891528
-1.571013
-0.59645384
-1.0885306
-0.57173011
-0.032870416
-0.18116828
-1.1327215
-0.62306795
-0.32767878
-0.93758239
-0.48907882
-0.87732224
-0.43905171
-0.62165628
0.95678756
0.050129225
0.96790029
0.74865323
0.82510329
0.51718273
0.2242603
0.18272199
0.56304883
0.63475748
0.3993407
1.4382592
0.82742294
0.24132129
1.8676885
0.3220651
1.7233606
0.27745705
-0.022755706
-0.13822845
1.0461851
0.015543559
-0.23414142
0.85893219
0.83843474
0.25949998
0.50338563
1.2780762
0.43028026
0.3223027
0.82065959
1.1344853
0.82059887
0.8242725
0.16064835
0.11004228
0.25565228
0.69939859
-0.32117601
0.68606703
0.12991128
0.12913193
0.69991314
2.2009086
0.24548336
1.5116667
0.32790475
0.33555373
0.59642273
-0.33561826
0.59333506
0.71986819
1.136334
0.22492923
1.3530437
1.0030939
0.43553569
0.69276323
0.45529795
0.070936495
-0.5619086
0.47016139
0.98953771
1.7199482
-0.0063490093
0.75839021
1.3471864
0.20893868
0.62177231
-0.060782242
0.68141257
0.13550732
0.54037844
1.540643
1.0704178
1.4787739
0.25337708
-0.11328761
0.020786663
0.86165853
1.8226207
0.79625137
0.33786706
1.0343404
0.72745529
0.31396385
0.59092521
0.51716674
0.14505189
-0.12101532
0.42567657
0.75550227
0.98452047
1.6274818
0.57983113
0.96646252
-0.67852244
1.4383672
0.54890563
0.33873848
