-0.67526268
-0.68692784
-1.065768
0.81881452
-0.29438097
-0.59403485
-0.63026301
-0.83206919
-0.82081529
-0.055406643
-0.4934438
-0.55423741
-0.32252217
-0.78794922
0.13273853
-0.55432492
-0.46159142
-0.79125931
0.21428883
-0.8354759
-1.1260827
-1.7035653
-1.0433087
0.12743773
-0.53003976
-1.1706878
-0.029900182
-0.56005414
-0.23992802
-1.2922172
-1.0114614
-1.2456825
-1.6195035
-0.75012226
-0.33532639
-0.46135084
-0.48891818
-0.064851913
-0.69562623
-0.19154891
-0.086151015
-1.0859713
-0.43089478
-1.1788522
-0.5487261
-0.37344817
-0.050576318
-0.2721569
-1.1371958
0.068266047
-0.63203802
-0.84193098
-0.69948392
-0.11033862
0.10272888
-0.17909418
-0.43126208
-0.52568699
-0.33061034
-0.33206425
-0.76004004
-0.44266085
0.068045339
-0.1618788
-0.71538143
-0.13325022
-0.78450718
0.076876633
0.10644697
-0.30773811
0.066874094
-0.33777018
-0.26266932
-0.17238302
0.19527327
-0.18719864
-0.49600407
-1.2670798
-0.82829937
-0.13989973
-0.59872082
-1.0450459
-0.28158363
-1.0908072
-1.2568958
-0.2577834
-0.040876479
-0.87293075
-1.1646444
-0.82020881
-0.7068044
-0.49324231
-0.38572212
-1.4290189
-1.1317273
-0.60540848
-0.24960408
0.40639667
-1.2050983
-0.71800475
0.011542064
0.81934698
0.15773419
1.3871909
0.64129142
0.04305059
0.63416015
0.004005331
-0.88033087
0.23064694
0.26016384
0.053047727
0.87214999
0.21664124
0.42255189
0.28484886
0.41572988
0.61825332
0.2918426
0.73650591
0.61605187
0.48794978
0.50951776
0.45453799
-0.58857545
0.60648347
-0.71131478
0.049953513
-0.39011503
0.64257396
0.44393541
0.37557161
0.23660196
1.3826113
-0.0082432637
0.6421951
1.167421
-0.18152086
1.2294838
0.13590587
1.0429568
0.52887943
0.7755151
0.1018958
0.26816981
0.06381285
0.5392645
0.48815693
-0.049361074
0.88585495
-0.33597406
0.89942941
0.23931766
0.36914569
0.079379059
1.3432392
-0.40946873
0.13681487
1.3777198
0.47996899
0.55340825
0.89582794
0.40176364
0.62960037
0.22172401
0.75647458
0.42857694
0.58339066
0.87829696
2.7655449
0.27391896
0.16138888
-0.13593165
1.1754165
0.40652162
1.2230958
1.1870751
0.6609041
0.60016812
-0.64373744
0.96507518
0.57468205
0.70019271
-0.014690671
-0.62525274
-0.29364215
1.416288
1.0127998
-0.20747234
0.50305812
1.1437141
0.58506484
0.92828114
-0.65465329
0.75155483
0.33072804
0.64587414
0.20367992
0.68538794
0.0062655186
