-0.46726998
-1.5774023
-0.36317604
-1.058678
-1.3891785
-1.2286038
-1.3449468
0.058087587
-0.96182138
-0.81416947
-0.1219838
-0.99784335
-1.3794069
-1.0042319
-0.53747789
0.12589165
-1.3266678
0.0046016127
-1.0690503
-0.92402198
-0.96166711
-1.2763687
-1.5721237
-1.8470069
-1.0660026
-1.2057484
-0.84046784
-0.48322852
-0.88656162
-0.69050553
-0.83560823
0.018986912
-0.51108228
-1.3550822
-1.4773363
0.022926982
-1.6253969
-0.56784286
-0.56917007
-0.22641994
-0.83905753
-1.6068934
-0.82260983
-1.2815402
-1.2382471
-1.3058824
0.44132348
-0.62623812
-1.844458
-0.51536536
-0.15909282
-0.13060157
-0.50697181
-0.93502825
-0.74116176
-1.039406
-1.554391
-0.16911373
-2.9498309
-0.49906212
-0.67567747
0.082510527
-1.0699891
-0.86865151
-0.58257419
-1.0092306
-0.20078811
-1.6502884
-0.30049933
0.12191387
-2.7792899
0.44084369
-1.3574189
-2.0574376
0.69397625
-1.0296821
-1.6833025
-0.49368944
-1.0454686
-0.3152218
-0.27285418
-0.6790013
0.98335422
-1.0353216
-0.038334698
-0.61490012
-0.66083216
-0.39888099
-1.1572838
-0.69559386
-1.2835604
-1.3866134
0.39679167
-1.0169249
-1.1476329
-0.85654467
-0.9860259
-0.67948387
0.085482224
-0.36986522
1.3120227
-0.13822575
0.031221344
0.44187085
0.40719347
-0.2824374
0.74346417
0.78316183
1.6355665
0.94279855
0.80166932
0.18255009
0.67056309
1.358406
1.7440762
0.49383458
1.33817
0.38680072
1.2517996
0.44771258
1.2277916
0.70331037
0.34797135
0.30038369
1.8253355
1.4033137
-0.36478074
0.87665365
1.3890751
0.13087237
1.4983294
0.92222843
-0.050156834
1.0889624
-0.024559437
0.83102992
0.9182331
1.2474304
1.3192875
0.34837866
1.2862424
0.89292189
0.51864274
0.02251771
-0.88410172
1.464548
0.74659745
2.2587923
-0.47796648
0.93079239
1.1172368
0.38118609
0.02948151
-0.24135043
1.2867447
1.9412426
1.1466031
0.54205477
1.0687832
1.2501902
0.33659827
0.72458643
0.5569393
0.11382305
0.53458148
0.81913014
0.72839551
0.31860601
-0.25902139
0.51800186
2.0056797
-0.30473395
-0.74099565
0.22474693
1.9290125
0.3289715
0.51852755
0.24105692
0.93908032
1.1584076
0.29902144
-0.08675086
1.4353977
1.3913106
0.37405014
0.20758625
1.1938782
-0.43645697
-0.88181557
1.1135374
0.75714083
1.9344574
0.77793298
1.1454034
2.5686836
0.37745251
1.1585573
0.80561556
0.76361556
0.80847555
