-0.14430693
-0.76212978
-0.24970014
0.38524371
-0.63463872
-0.88380774
-0.93814058
-0.012781826
-0.5304489
-0.20412549
0.11531376
-0.28248929
-0.27458566
-0.41097428
-0.04569527
-0.80818562
-0.41994381
-1.0508015
-0.4091782
0.075696594
-0.1950398
-0.2723366
-1.1989431
-1.3238152
-0.77256721
-0.60077424
-0.44723485
-0.35338912
-0.81304724
-0.67432478
-0.14865316
-0.38199965
-0.3892236
-0.32297812
-0.15210474
-0.63180204
-0.9423323
-0.7223352
-0.391708
-0.9745481
-0.31450148
-0.44258627
-1.3050184
-0.10057484
-0.057352402
0.48467311
-0.67265557
0.48204504
0.032130857
-0.044446272
-1.6123459
-0.37131164
-0.82109817
-0.58726994
0.31205151
-0.47455644
-0.68222738
0.077249208
-0.59423518
-1.0304683
0.675044
-0.30065181
-0.060935912
-1.4992092
0.056138906
0.16266349
-0.78114764
-0.014656133
0.04865628
-1.2472348
-0.29928068
-0.63734716
-0.85265131
-0.48680019
-0.69100902
-1.1847638
-1.4497089
-0.73072931
-0.22293092
-0.89025923
-0.44411051
-0.23456754
-0.52028511
0.088191251
0.59953335
-1.0850742
-0.33028537
-0.77271337
-0.83561705
-0.75386947
0.25938018
-0.78602168
-0.76622908
-1.3510458
-0.52574178
-0.75197787
-1.1680058
0.24913932
-0.72543635
-2.2117002
1.5239292
0.87596001
-0.19111375
0.88151218
0.74610889
0.61851657
1.3576953
0.32625446
1.2570365
-0.10245355
0.56581292
1.0028204
0.13591948
-0.10678756
-0.1911872
1.1236317
0.1670747
0.2018934
0.26362002
0.94208263
0.66649709
0.18987935
0.10159901
0.27009338
0.38964113
0.60073971
0.85957749
1.327785
0.97812206
0.29768354
1.1515295
0.90119769
1.0222773
0.61693167
1.5187981
1.0183932
0.039746688
0.94393479
0.074065612
0.62793351
0.37063505
0.63231204
-0.20183842
-0.20882736
0.93933377
1.2307634
-0.04625488
1.3082551
1.0731202
-0.28267246
1.2782748
1.0274052
0.43683586
-0.02667058
1.0521206
-0.12614148
0.78497947
0.7535789
0.034054603
0.010941022
1.2081751
-0.05848071
0.52826788
0.6028656
0.41841894
0.093005902
0.56779427
0.95805823
-0.23250629
1.1858439
0.99414604
-0.042072086
0.24710787
0.7536804
0.61652494
1.0925524
1.3447108
0.071265478
0.74063869
0.92973594
0.52325842
0.32718204
-0.11713504
0.21188145
1.291243
0.32875944
0.52527916
0.46136847
0.7238395
0.75048589
0.35207236
-0.4229178
0.33068669
1.6268467
0.80960529
0.20184259
-0.2456117
0.95499023
1.6491181
1.1804422
