-0.7884884
0.56905403
-0.93843245
-0.60232539
-0.4771964
-0.25693528
0.018024106
-1.066979
-1.2286174
0.11303012
-0.97030999
-0.25393872
0.84633849
-1.050939
-0.90955673
-1.3905164
-0.23978221
-0.22138315
-1.2362947
-1.1421922
0.90294965
-1.1405571
-0.080764833
-0.23966014
0.22322696
-0.84881708
-1.2269065
-1.1719422
-1.1443735
-0.37689323
-1.2712318
-1.6225111
-0.20998971
0.94117022
0.17351932
-0.39858576
-0.77173761
0.044013292
-1.0347084
-0.2376787
0.91682293
-0.77129719
-1.675268
-0.30410858
-0.39032587
-0.17274142
-0.49276925
-0.96695925
0.3153324
-0.28719481
-1.1465515
-0.53134058
-0.57114276
0.10492526
-0.16127082
-1.0240293
-0.80359434
-0.36429802
-0.43920208
-0.23969479
0.17073909
-0.256988
0.05608971
-1.7192842
-0.10722875
-0.61522192
-0.6008351
-1.0759339
-0.86711963
-0.67281042
0.62888654
-0.43766813
-0.21055388
-0.85284186
-0.62298893
0.0079729496
0.35147612
-0.710691
-0.16223849
-1.1393284
-0.89354893
-0.86565737
-1.5395386
-0.25148686
-0.70011438
-0.50326204
-0.22484112
-0.53799306
0.51617808
-1.1695821
-0.13602247
-0.93496145
-0.1403663
-1.2286321
-0.93182959
-0.82875551
-0.72788182
-0.41509736
-1.5344187
-0.70018162
-1.0656049
0.55375794
0.61141625
-0.080251806
-0.18232845
-0.19397697
1.1231602
1.340014
-0.24554599
0.75592278
0.56280628
1.1145863
1.2532589
0.86192634
0.63262783
0.12165331
1.186672
-0.12317896
0.28807513
1.4604296
-0.44245677
-0.082257555
2.1480503
-0.14126027
0.56073298
0.64243853
0.10966932
0.36142804
0.047705283
0.8943607
1.512476
1.1442403
0.74086516
0.31414997
0.79600913
0.60652758
1.1899806
-0.015970814
-0.26515973
0.88126098
-0.26954653
-0.16783694
0.0045898224
-0.1046248
1.3821298
1.5754932
-0.64206202
0.62077161
0.28036479
1.184437
0.40729956
0.60936984
0.58722583
2.02508
0.55576649
-1.0770551
0.84039847
0.36331592
0.33721511
-0.25550903
1.8095167
0.74563
0.91040473
0.54443998
0.82187728
0.83884456
-0.11715865
-0.024568667
0.74109449
0.4108215
0.0019595828
1.5298928
-0.089710725
0.79766327
1.1321326
0.99482678
0.36930295
1.8012189
1.2864563
-0.035659576
1.9685835
0.74398167
1.061146
1.1184476
-0.50246345
0.34037198
0.66382284
0.64408561
1.0302841
-0.021798277
1.1619927
1.4461695
0.5473865
1.7536784
0.047483234
0.34393784
0.43181124
-0.31244884
0.90289991
0.22362907
