-0.37840349
-0.65568891
-0.70734204
-1.2076946
-0.99431372
-0.58061915
-0.54616894
-0.5457141
0.016569148
-0.38310184
-0.47433347
-1.0077254
-0.69392252
-1.1467484
-0.97557364
-0.22220958
-0.45949236
-0.31279774
-0.5389824
-0.21005384
-0.71253704
-1.0842592
0.034334809
-0.34185436
-0.47991223
-0.4461335
-1.3031172
-0.18058288
-1.0315404
-0.50977899
-1.3632112
-1.7006881
-0.088814555
-0.36536269
-1.1090614
-0.48042968
-1.1050844
-1.0725185
-0.094072485
-0.8047269
-0.95316308
-0.99680258
-1.1652451
-1.0231049
0.10819695
-0.47865614
-1.0345031
-0.42077747
-0.22403149
-0.6555056
-0.43052542
-0.26112785
-0.78638325
-0.69706081
-0.93045072
-0.44355612
-0.70822345
-0.18534489
-1.0325872
-0.26341283
-0.53385801
-0.73374593
-0.47138747
-0.81795558
-0.65330661
-1.0502526
-0.8820122
-0.34591365
-0.049295242
-0.6594454
0.13206905
-1.2913142
-0.86325934
-0.60764972
-0.82022485
-1.703287
-0.97439497
-0.76767349
-0.40734437
-0.056676885
0.42144547
-0.28581374
-1.0050503
0.19017553
-1.0949951
-0.98340131
-0.085018748
-0.532768
-0.23500352
-1.0609949
0.47135787
-0.7914225
-1.0504598
-0.19111867
-1.1157861
-0.52296438
-0.96743488
-0.41368247
-0.90495455
-0.83660771
0.24378505
0.48425569
-0.068426428
0.39262871
0.66319009
0.046038788
0.65045849
0.49722314
0.47149018
0.070402974
0.6097335
-0.29669719
0.77023081
-0.002285547
0.8529725
1.9208493
0.71078766
0.56728408
-0.47783646
-0.0099387833
-0.26499251
-0.4302585
1.1932338
0.31005014
0.81676913
1.1828247
-0.020729428
0.45547052
0.16683284
1.5728964
0.85899507
0.18766001
0.36023751
0.010083257
0.096609287
0.56522198
0.71866529
0.45673076
0.17009714
0.4622037
0.19242529
0.44061299
0.8174857
1.1012805
0.67230824
0.44139091
0.96537333
1.1691009
1.0633064
-0.2588507
1.018395
-0.082251068
1.1471362
1.1097601
1.0885669
0.51733983
0.52912284
-0.068422454
0.63709509
-0.027765211
0.10897234
1.1864655
0.24805573
0.91062638
-0.17261578
0.55448246
1.4934744
1.019047
0.73934142
0.77032073
0.27042473
0.09378272
0.89177443
1.5368234
0.56112773
-0.44176723
0.5937952
0.80592278
0.65262406
0.29293692
0.95101175
0.12744368
0.20686647
0.36950056
0.094210226
0.29660937
1.3595824
0.34296631
0.87808063
0.29537058
0.95203789
-0.041818416
0.56430257
0.58960352
0.53844483
0.63153866
1.0339937
0.4379466
0.62393115
0.93846187
