0.13093281
-0.45540431
-0.43554274
0.29484195
-0.47197053
-0.51326594
-0.49534077
-0.012452662
-0.70150803
-0.25341585
-0.055825553
-0.49981245
-0.33266865
0.086262912
-0.06276769
-0.45706056
-0.23358224
-0.5881612
-0.067726706
0.040480878
-0.20578972
-0.20019141
-0.90410861
-1.252847
-0.98609638
-0.25624096
-0.15607382
-0.32792805
-0.80008288
-0.86159431
-0.32476658
-0.73788941
-0.39908283
0.039202903
0.023435686
-0.44555336
-0.84258637
-0.50669931
-0.25987197
-0.44157341
-0.40588586
-0.36837181
-1.1346135
-0.24765278
-0.26119606
0.49678974
-0.4643392
0.32012229
0.29151778
0.018818795
-1.0978121
-0.43974001
-0.27332106
-0.71877663
0.40691642
-0.44067391
-0.55053351
-0.29100448
-0.53014885
-1.064646
0.73471744
-0.16523461
-0.2796855
-0.92272627
0.047968604
-0.26241803
-0.83810967
-0.052273046
-0.031335031
-0.33566948
-0.32892898
-0.90095746
-1.0142774
0.059615856
-0.5523145
-1.1379599
-1.3135177
-0.73850992
-0.10996674
-0.93582148
-0.45382435
-1.0366735
-0.32362103
0.04490719
0.53888095
-0.94392503
-0.40736673
-0.74198522
-0.65673846
-0.88695244
0.034552944
-0.37838184
-0.59117008
-1.2297683
-0.56330713
-0.63406079
-0.87599097
0.60133366
-1.0391624
-2.4462281
1.1112217
0.47070647
-0.3159603
0.86300925
0.14831015
0.53368689
1.4913481
0.067586144
1.5403486
0.065422452
0.40359851
0.99978832
0.49609252
-0.015576109
-0.095142886
0.76413867
-0.095624407
0.15072258
0.12635605
0.70176856
0.32829225
0.31076641
-0.020488373
0.38223985
0.12756882
0.46358936
0.57512758
1.124982
1.4159895
0.33576166
0.78803171
0.94040557
0.45819681
0.88093634
1.2925474
0.85862133
-0.15053528
0.86046412
0.15823753
0.53210573
0.010560634
0.59946024
-0.6710063
0.052186935
0.55138725
1.0465011
-0.069015888
1.1594387
0.6751389
-0.58136082
1.2411557
0.55961863
0.56280241
0.096058833
1.2580572
0.068443205
0.65539315
0.78176185
-0.00027457993
0.53344089
0.60294433
-0.089855201
0.083638909
0.64957783
0.21607305
0.11924542
0.17831537
0.70287751
-0.23158875
1.5023607
0.90391337
-0.048694864
0.29245142
0.36073733
0.75160702
0.62209914
1.2241675
0.023527293
0.65466151
0.73450943
0.33593073
-0.057005183
-0.24518771
0.0048477616
0.75494005
0.33317522
0.49941116
0.28934797
0.17558915
0.33276468
0.38713763
-0.31207251
0.37602663
1.2974494
0.98917235
-0.0075871181
-0.17211218
0.42831704
1.07838
1.060599
