-0.50348099
-0.78610669
-0.3624967
-0.98655853
-0.66321568
-0.62164749
0.134644
-0.53284658
-0.30857284
-0.36485427
-0.16402263
-1.0180601
-0.54337111
-1.119272
-1.2194026
-0.013197476
-0.52613812
-0.26714341
-0.38649397
-0.16909168
-0.55133648
-1.2034922
0.29604812
-0.15013549
-0.33590281
-0.11201721
-0.9717277
-0.58625085
-0.49801891
-0.42885059
-0.52674449
-1.2959894
-0.051901469
-0.53050849
-0.80700256
-0.22672813
-0.99129893
-0.78091086
-0.20104389
-0.73147519
-0.88698636
-0.87407017
-1.0542556
-0.28298533
0.22413603
-0.70717003
-0.80703383
-0.26567745
0.016767807
-0.68150609
-0.20898373
-0.19461872
-0.6983349
-0.53516382
-0.90305548
-0.36947166
-0.45211485
-0.020329417
-0.77788323
-0.4830139
0.07419517
-0.33823941
-0.30686052
-1.3336079
-0.30366779
-0.93210915
-0.67635057
-0.42332892
-0.21820517
-0.55850257
0.0084732659
-1.0245607
-0.8522341
-0.45035973
-0.5014674
-1.284017
-0.9744884
-0.61257409
-0.63144666
-0.11605994
0.013939903
0.27955967
-1.062009
0.030392653
-1.1102089
-0.84300302
-0.45397046
-0.41176649
0.011607471
-0.5714476
0.74885396
-0.94497243
-0.96539372
-0.27232619
-0.76921382
-0.4072115
-0.80667555
-0.48734593
-0.22721998
-0.43544083
0.13077748
0.091539666
0.21078119
0.10235457
0.033993735
0.11581677
-0.11379498
0.53275408
0.7320083
0.35753563
0.42943219
-0.448523
0.67306701
-0.17659622
0.77403798
1.6658441
0.70726745
0.69364624
-0.35399375
0.056930241
-0.46726637
-0.22846643
1.2483665
-0.075649243
0.31921261
0.74518525
0.12462937
0.67005714
0.016142027
1.1356883
0.19891016
0.36936816
0.68110876
-0.2688237
-0.18074674
0.45677211
0.88415662
0.20846957
-0.28039506
0.62641555
0.20801701
0.28058279
0.36714937
0.78502486
0.39804917
0.42892351
0.66689459
1.1391089
1.1020162
-0.38295727
1.0744615
-0.066414522
0.5217904
0.78912032
1.2033029
0.53237235
0.27266111
-0.34706988
0.55935597
-0.41465421
0.2256592
1.2274372
0.064601158
0.72784991
-0.0052588007
0.12835965
1.3572316
0.95483941
0.78285104
1.116634
-0.092327645
0.059647307
0.76411839
1.3287567
0.21712424
-0.50178491
0.71896232
0.50850323
0.224397
0.03083057
0.98420887
0.18029563
0.15204036
0.26185642
0.20327328
0.603158
1.5098653
0.66449294
0.46357072
-0.024500326
1.2023949
-0.13449771
0.41253241
0.89281137
0.44850143
0.22633818
0.85876294
0.68377111
0.529615
1.1781597
