-0.29580961
-1.1611879
-0.47291794
-0.9955917
-0.68097498
-0.83305252
-1.023903
-0.06745893
-0.68683679
-0.69244819
-0.25301454
-0.81728868
-1.2370022
-0.78613956
-0.39067347
0.041139291
-0.86973704
-0.20857544
-1.097368
-0.67534454
-0.7823354
-0.92047631
-1.249067
-1.4966324
-0.60852077
-1.0384966
-0.68739
-0.43491196
-0.54205592
-0.43767637
-0.63765198
-0.035151527
-0.55588964
-0.99208278
-0.92784566
-0.053740098
-1.2143018
-0.21687515
-0.52576175
-0.32336797
-0.56678334
-1.1437036
-0.65015791
-0.79796489
-0.63071137
-0.91281196
0.37230387
-0.61846481
-1.240211
-0.4048905
-0.27338976
-0.3018976
-0.53691637
-0.83989761
-0.65650786
-0.81165705
-1.4350765
-0.36677951
-2.6259783
-0.2378345
-0.37494832
-0.26636977
-0.70447973
-1.008999
-0.29735616
-1.020263
-0.23488397
-1.6339781
-0.34882924
-0.24181127
-1.9536791
0.35872543
-1.0664432
-1.9357308
0.91551927
-0.9784368
-1.0568
-0.62608914
-1.0289637
-0.01173886
-0.19904844
-0.60742687
0.38058741
-0.67892731
-0.077882785
-0.44998465
-0.51088712
-0.34055216
-0.99507847
-0.4020889
-0.5857912
-1.2467936
0.5000336
-1.1156157
-0.55208963
-0.96929346
-0.42740234
-0.31492652
-0.10670343
-0.13072808
1.0299241
-0.00076590721
0.16701445
0.38964475
0.27129327
-0.34344618
0.40940406
0.38129945
1.2620712
1.233873
0.789109
0.61510295
0.53364481
0.82835451
1.4696011
0.4243173
1.3194309
0.40404409
1.2754247
0.54189871
1.4111131
0.61975823
0.12965694
-0.18912472
1.1020343
1.3639836
-0.32465074
1.2940546
1.0746334
0.21258372
1.1594977
0.86049477
0.02593221
0.76538883
0.057126755
0.72588066
0.90098005
0.50657444
1.2629729
0.049693627
1.0374705
0.70480006
0.48384024
-0.11639651
-0.55928462
1.1786331
0.45023487
1.6020599
-0.3922975
0.81327104
1.0294588
0.36089996
0.020669078
-0.17733465
0.81991282
1.5516998
1.0716123
0.42563731
0.71117378
1.5476046
0.79220092
0.75707059
0.48352676
0.23184548
0.57083126
0.39309081
0.88941356
0.32942861
-0.16012304
0.50381174
1.4271522
-0.35581315
-0.27369547
0.31376092
1.2759298
0.27959581
0.58012884
0.53825181
0.79450625
1.1675386
0.66060787
-0.48883146
1.0746161
1.2808801
0.5120115
-0.26672681
0.88761086
-0.59384206
-0.55067754
0.98149066
0.41772827
1.581644
0.4444949
1.1688012
2.196333
0.38365277
0.7030559
0.71554532
0.47518095
0.63486524
