-0.50640398
-0.84922564
-1.123435
-0.46723234
-0.77901951
-0.51315734
0.37380538
0.17413695
-0.56840212
-0.49278834
-0.3930352
-0.7059824
-0.65894251
-0.74120342
-0.6061786
-0.19046889
-0.66046368
-0.43010058
-0.11687623
-1.1700678
-0.70150766
0.13628644
-0.088102858
-0.15658555
-0.89717506
-1.128123
0.97233265
0.040045514
-0.88280068
-1.2583554
0.059563786
-0.42383313
0.13940397
-0.48715816
-1.0215674
-1.2005223
-0.73699346
-1.6815559
-0.84978653
-0.83983176
-0.67167435
-0.91053205
-0.21522766
-0.4277332
-1.6680307
-1.3849012
-0.55682513
-0.60048732
-1.3401742
-0.17545032
-0.39998847
-0.16083741
-0.83455049
0.069513753
0.1737193
-1.5635404
-1.2752698
0.29777979
-0.59931453
-0.98371074
-0.54192722
-0.35309186
0.34352758
-0.41647792
-0.31452126
-0.39866686
-0.63808791
-0.64974415
-1.5894968
-1.9925005
-0.28355056
-1.7050755
0.36250289
-1.0116767
0.22165085
-0.16276139
0.543821
-1.5724894
-0.56992967
-0.55393995
-0.58854409
-1.2409548
0.016579545
-1.0955882
0.44551501
-0.047988163
-0.81677811
-0.72982123
-0.47118194
0.23980158
-0.59399092
-1.016224
0.55577549
-0.043833388
0.33380994
-0.055524145
-0.38376136
0.31851714
0.42161078
1.0765231
-0.44915359
-0.048115616
-0.31507879
1.03054
0.77188649
1.1768755
0.887559
0.63620299
0.51734896
-0.13742432
0.34608757
-0.26552901
0.38794962
0.67292203
-0.18258447
0.9874335
-0.35685186
-0.34415837
1.0915612
0.76356546
0.05173917
0.67901039
-0.02538327
1.8498473
0.37047409
-0.16587679
1.3027903
0.82939932
0.2790744
-0.34872602
0.50663805
0.97615943
0.030898034
0.53391443
-0.13552596
0.53629348
-0.46688896
0.28142057
-0.10274682
0.62822402
0.38534757
1.0373746
1.71639
-0.016008742
-0.067043911
-0.17932833
0.99587058
0.13610274
0.11020531
-0.05096102
0.42642252
0.060131994
1.8477743
1.1232322
-0.71959849
0.95423881
0.035758495
0.76213475
0.7235487
0.42090392
1.6415918
-0.63937978
1.8534383
1.3336265
1.1383865
-0.59498369
1.0206297
0.69990486
0.077624196
0.94735528
1.4245103
2.0172767
-0.20378424
0.036788439
-0.63583571
0.15237394
-0.10429231
2.8733831
1.3358325
0.88076146
0.89020922
-0.47546166
0.09551587
-0.20589966
-0.53984442
-0.09754544
-0.087280849
-0.25609071
-0.61045726
-0.51997145
-0.64226857
-0.41641989
0.54774137
0.60002572
-0.20900244
-0.02157826
0.062445087
0.63525922
0.54350615
-0.25552027
