-1.4257009
0.078913131
-0.42028116
0.02984302
0.25048815
-0.65073484
0.22028979
-0.99156027
-0.92260968
0.18472042
-0.30108998
-0.10879492
0.39956277
-0.50256287
-0.79477721
-0.83926068
-0.30441854
-0.14757547
-1.2887969
-0.18229419
0.15215225
-0.31300889
-0.18709426
-0.13003554
-0.34310394
-0.54265073
-0.38928283
-0.79184284
-0.92449821
-0.36653255
-0.71585324
-0.94988534
-0.51626672
0.62446573
-0.19741301
0.17506861
-0.50202676
-0.7066538
-0.19195336
0.057311087
0.70535875
-0.83236214
-1.3156295
-0.40316037
-0.20707031
-0.60038728
-0.40815731
-0.57472342
0.46622245
0.38660374
-0.77213151
-0.23685344
-0.13968603
-0.32627965
-0.14038873
-0.60049926
-0.97113723
-0.41871428
-0.29231158
-0.54161092
-0.061850934
-0.10303687
-0.034639956
-0.96238384
-0.2752837
-0.47583402
-0.78293233
-0.98354145
-0.79323258
-0.45270945
0.0026555171
-0.50687896
-0.65004055
-1.039558
-0.062266752
-0.48698608
-0.40241439
-1.3707868
-0.3793162
-0.29224603
-0.78986699
-0.18864663
-0.23627463
-0.24993743
-0.34479982
-0.23306562
-0.59727442
-0.26252868
-0.57547632
-0.33202204
0.049805767
0.065394018
0.164483
-0.81161023
-0.71436405
-0.51440352
-0.10833361
-0.73679184
-0.48490594
-0.78394237
0.043071286
0.61298934
-0.15168049
0.17888222
0.14137701
-0.13815479
1.4799951
1.0867037
0.010290476
0.58325144
0.52958068
1.018729
0.75020847
0.65556829
0.78173371
0.77813398
1.2553318
-0.023051759
0.32886098
0.52545166
-0.25172447
0.44663821
1.1737055
-0.33006502
0.91082043
0.99919037
-0.23986615
0.31997217
-0.18831438
0.4519582
1.0599524
0.65923623
0.61766616
0.038339049
0.081365938
0.090390319
0.37611713
-0.1509805
0.55807039
0.26499415
-0.39779642
0.57464182
-0.65144603
-0.081047985
1.222478
0.54580997
0.17907888
-0.27933763
0.31612208
1.4556941
0.2711185
0.75059901
0.16589614
0.69926534
0.39695862
-0.035380469
1.518194
0.14953521
0.26031814
-0.060021642
1.6877717
0.46739447
0.50775382
0.81995891
0.17052644
0.88998307
0.46482992
-0.15008342
0.33690647
0.05777371
0.15677804
0.71298216
0.57311997
0.12924049
-0.010667142
0.92904814
-0.056418443
1.3317623
0.797688
-0.29608253
0.65009465
0.2820531
0.62313469
1.0759135
-0.072086466
0.49085509
0.60737271
0.53367358
0.26369588
0.07422426
0.69642816
0.91468104
0.14074797
0.89601301
0.12481827
0.77981401
0.70189131
0.50791288
0.71564122
0.011041071
