-0.64457611
-1.4561818
-0.38241903
-0.7293026
-0.10573353
-0.65088117
-0.52111543
-0.44916824
0.1331607
-0.93419818
0.017434204
-0.88630089
-0.88235895
-0.28258235
-0.45386705
0.13015589
-1.123964
-0.45467162
-1.3180253
-0.55724691
-0.52975214
-0.58932377
-0.98019995
-0.69400893
-0.11481977
-1.0168536
0.43688499
0.0021602136
-1.2021956
-0.075366253
-0.16689254
0.54247658
-0.45826041
-0.76866196
-0.55198508
-0.72105706
-0.53731493
0.53940746
-0.29177843
-0.28343487
-0.31418617
-0.38815147
-0.91587156
-0.46474552
-0.7259821
-0.58729413
-0.038526664
-0.45079441
-1.2117468
-0.80662599
-0.78129598
-0.70401115
-1.3331388
-0.69765811
-1.2308424
-0.36964246
-1.0589297
0.016197819
-2.196079
-0.3816855
-0.24175319
-0.28742273
-0.96822112
-0.67193374
1.2745738
-1.5902824
-0.53548398
-2.5118397
-0.34650373
-0.73130315
-1.409208
-0.010410444
-0.71940141
-2.4044169
2.2932614
-0.99129261
0.34689064
-0.77082608
-0.97426607
0.27169745
-0.41125375
-0.59233023
0.3764441
-0.42231785
-0.42982874
-0.26029013
-0.62152249
-0.45419853
-0.56290363
-1.0556609
-0.12994882
-1.4355416
0.38067106
-1.5201547
-0.57649628
-0.61784568
-0.07969136
-0.093182937
-0.60032197
0.225602
1.137927
0.43896707
-0.33062099
-0.11326743
0.8080682
-0.48324957
-0.25478683
-0.074200423
1.0864552
1.3952159
0.88847808
-0.30789479
0.51579466
0.63290796
2.3062512
0.56077981
0.61078698
0.2445381
0.47045427
-0.11129997
1.7087691
1.5420368
-0.41012249
-0.82798334
0.70842108
1.8227843
0.2209188
0.57211505
1.1443875
0.095608746
1.5396063
-0.23276109
-1.0660193
-0.22328135
-0.1769568
0.93844063
-0.01216404
-0.35677066
1.2715367
0.739457
0.37042292
0.57146676
0.4528127
-0.086200077
-1.5163817
0.24328469
0.41938889
1.4207227
-0.17298478
-0.72911805
3.9005686
-0.054743779
-0.23912979
0.42207787
1.191673
2.5950226
1.2945465
0.14816574
0.66267353
1.1812651
1.5335218
1.1095811
0.32967635
-0.10174915
0.34456373
-0.304761
-0.62206715
1.3476756
-0.47007073
-0.13549918
1.4788195
0.38381497
0.13519924
1.2073981
-0.64501063
-0.17535743
-0.59780011
1.4160883
-0.29820786
1.2633973
0.45022696
-0.37642806
0.67669578
1.1173701
1.3109956
-0.58111657
1.2089047
-0.38878617
-0.23012728
2.056815
-0.37107878
1.3744768
0.16084694
2.3947064
5.1515343
1.6990376
-0.78115308
-0.30483897
-0.011439145
0.30297104
