-0.94060975
-0.45243419
-0.68648298
-0.35754753
-0.75343749
-0.22689364
-0.51962558
-0.65661221
-0.20406165
-0.3187507
-0.36282146
-0.19615975
-0.50373248
-0.66012741
-0.69652102
-0.26568871
-0.28344322
-0.47443759
-0.52368166
-0.09088636
-0.79692675
-0.78437485
-0.56140727
0.28238424
-1.3826065
-0.96323347
-1.5289766
-0.28167315
-0.54560935
-0.24270113
-0.30890217
-0.95060025
-0.65465045
-0.72507833
-0.2758373
0.51325577
-0.80926341
-0.72705566
-0.78281505
-1.3302594
-0.10538128
-0.96823893
-1.6056938
-0.61478996
0.38047734
-0.58131648
-1.407719
-0.68256476
-0.66219816
-0.71366487
-0.58096452
0.018609848
-0.21508433
-0.80073969
-0.1786669
-0.54539341
0.18136652
-1.435647
-0.79989335
-0.86056892
-0.16421993
-1.5434448
-0.022906676
-0.50635405
-1.1087369
-0.50825715
-0.62771383
-0.25238626
-0.40327075
-0.77241471
-0.19974846
-0.49509616
-0.14693899
-0.0021406865
-1.238144
-0.61373491
0.16187861
-0.31838583
0.18809162
-0.52864656
-0.79777845
-1.2312849
-1.3941646
-1.0845298
-0.26684814
-0.60939463
-0.53021587
-0.59577474
-0.55036591
-0.0040917754
-0.34410698
-0.98441548
-0.29075356
-0.49499678
-0.7849431
-0.96093711
0.22582433
-0.78053248
-0.84673933
0.074681957
0.46870407
0.12330914
1.6049757
0.30497484
-0.04587861
0.85101917
1.2039315
0.27035949
0.26513863
-0.14228781
-0.016695854
-0.51200842
1.0935469
0.60595264
-0.0093761839
0.04564274
1.1924201
0.48722004
0.38281164
0.71889979
-0.14545342
-0.17386472
0.49767112
0.51259578
-0.056160458
0.0079217006
0.60763413
0.56110589
0.56486117
0.26701985
1.5916132
0.23603401
-0.29074383
0.27764479
0.41464123
-0.02503919
0.53308094
0.52334035
0.99645335
0.96627447
0.14156281
-0.42911302
0.45512548
0.56185002
1.0111302
0.48318017
1.3548565
0.21764502
-0.29186939
0.24501077
1.1661114
1.1523736
0.50576373
0.041011955
0.6938107
0.81048704
1.2730914
-0.00044622452
0.66617075
0.010838611
0.94523181
0.46820628
0.9698812
-0.31215278
0.65050775
0.86376119
1.1827833
1.2949762
0.59324815
-0.25215554
0.32414476
1.3670471
1.1052002
1.0701123
0.15762564
0.88979357
0.98082716
-0.092255259
-0.24878582
0.27231582
1.4598571
0.85970567
0.27855227
0.55177596
0.56168408
0.43619652
0.72397911
0.92034722
0.58338903
0.33860769
-0.024483797
0.41083379
0.89728797
0.59024148
0.21533599
0.70106577
0.20032032
1.0596308
0.51253948
0.77933459
