-1.276431
-0.51175722
-0.64152155
-0.39729875
-0.82412128
-0.3817385
-0.79990957
-0.71220541
-0.54962733
-0.21077143
-0.3436361
-0.27770723
-0.84270613
-0.70563979
-0.76795723
-0.092088626
-0.25041696
-0.44936197
-0.57011646
-0.41886618
-1.4100542
-0.88851469
-0.63663779
0.4436196
-1.6811726
-1.1336777
-1.596127
-0.61209707
-0.56708783
-0.33295718
0.02762082
-0.91729911
-0.57928724
-0.80114492
-0.39497427
0.24879835
-1.1067156
-0.98115185
-0.98163939
-1.572859
-0.2191589
-1.158286
-2.1411115
-0.34971054
0.56645726
-0.87731752
-1.6807658
-1.325166
-0.70651482
-0.94467906
-0.71691597
0.19100331
-0.41133617
-0.52692157
-0.69214746
-0.66284552
0.16028828
-1.7507815
-1.4427413
-0.96670744
-0.48167218
-1.6461549
-0.084568765
-0.92864074
-0.92862944
-0.77858726
-0.52131756
-0.1436244
-0.48882522
-0.43991554
-0.36073709
-0.39356743
-0.089586717
0.10276222
-1.6381419
-0.74877711
0.18257392
-0.25248025
-0.12397731
-0.87645146
-0.93132276
-1.5562588
-0.95889943
-0.93758163
-0.35305632
-0.8069597
-0.7420796
-0.69350332
-0.5218316
-0.097862579
-0.35397006
-1.0063399
-0.26826313
-1.0765595
-0.91790318
-1.267485
0.37040234
-0.89249865
-0.98523906
-0.25408961
0.63756997
0.2699949
1.7180279
0.28822893
0.11137072
1.0631311
1.6456642
0.49203214
0.18374818
-0.10750596
0.24015138
-0.37403844
1.0725399
0.71899961
-0.20606817
0.04362279
1.347164
0.72822655
0.16812163
0.30823633
-0.20251667
0.10914712
1.003792
0.76260682
-0.054665271
-0.092458295
0.71261356
0.5474818
0.56598418
0.38910443
2.2476453
0.28753019
-0.19432674
0.2595003
0.86235657
0.092309259
0.57455543
0.94501771
0.68516868
1.1499871
0.066059604
-0.63914426
0.50337388
0.43065396
0.94258895
0.82892832
1.3751268
0.4400915
-0.43107764
0.55913619
0.90189145
1.7401705
0.38020022
0.36132969
0.80441718
0.84113018
1.1048493
-0.10288528
0.92176679
-0.37769874
0.75758235
0.63359005
1.1866186
-0.19961407
0.58556509
1.1281457
1.1713226
1.0856445
0.56312724
-0.092481762
0.38707123
1.6827778
0.93193467
1.0855694
0.32403932
0.92101968
1.113524
-0.65055931
-0.25677136
0.23867248
1.7095508
0.13983142
0.39596337
0.27223006
0.56573087
0.4997415
0.9979525
1.0665557
0.58501761
0.1692634
0.29550032
0.84177935
1.4587419
0.68137774
0.18161457
0.68619525
0.17073491
0.75885829
0.81825941
0.68828703
