-1.9212842
-1.4136623
-0.93639748
-1.4619137
0.058664098
-0.79254817
-0.61676716
-0.43737084
-1.1839202
-0.47639901
-0.16897952
-0.78220496
-0.051928396
-1.0422701
0.21980449
-0.79775633
-0.29111953
-0.39306481
-1.569215
-0.35136844
-0.17798857
-1.3160523
-1.0328032
0.37060324
-0.28953323
-0.2842378
-0.29115097
-0.85530914
-0.60892113
-0.10455497
-0.59395061
-0.62479627
-1.4411207
-0.38314147
-1.0434788
-1.0224631
-0.98480153
-0.54896628
-0.097563048
-1.4386529
-1.2651969
-0.23238778
0.44134541
-0.93111188
-1.6837542
-0.39673639
0.58390926
-0.079012807
0.54606967
-0.65548297
-0.97772838
-1.634146
0.10087019
-0.65448595
-0.79344147
-0.72445766
-0.64377051
-0.68337141
-0.057509008
-0.64096226
-1.2585661
0.0069163122
-0.081965067
-0.70816842
-1.4998202
-0.97139413
-0.45609469
-0.35437859
-0.01145837
0.66892813
-0.47090705
-0.98058135
-0.42645031
-0.94593543
-0.038088426
-0.25692705
-0.18860768
-1.3227654
-0.98388979
-0.1453694
-2.6375364
-0.34661111
-1.3143187
-0.68293279
-0.38848141
-0.19096807
-0.44852498
-0.45069994
-1.0488095
-1.357645
-0.29355201
-0.87939469
-0.33944312
-0.85696659
-0.3367563
-0.96470818
-0.18709411
-1.4129552
-1.742989
-0.67187709
0.53793428
2.0914603
2.3084858
0.89864468
1.4900924
-0.27641606
0.069751076
0.42634735
1.5443701
0.98821317
0.28681635
-0.025671015
-0.77255596
0.8612936
1.1822128
0.1047208
1.5084219
0.90718685
0.90197455
0.48371393
0.65832705
0.28531969
0.38773008
0.13839447
1.116172
-0.50002903
1.0969035
0.02958145
0.29891608
-0.1239675
-0.50918905
1.0476293
1.0539785
0.98055357
1.4207918
0.54728614
0.95341045
1.3984777
0.503771
-0.23139337
1.0939122
0.28209755
0.51125459
0.59270454
1.3221829
0.55140386
-0.25213976
1.3385156
0.8146103
0.57623984
-0.60138081
0.93114501
0.62728928
0.70348637
0.92669695
0.47875235
0.77349123
2.091877
0.11830175
0.75721463
0.73192665
0.5755254
0.88576232
0.72659505
0.17944652
0.67389648
1.4929957
0.7315403
1.177088
0.83636772
0.77450523
0.76205904
0.4886906
1.1570677
0.47329933
0.62223774
0.81747041
0.92807357
-0.23127616
-0.074422395
0.55287061
1.7251049
0.25477179
2.4488807
0.57269761
0.26652573
0.16245099
0.12573409
1.3425787
0.65890754
0.96524237
0.44083906
1.3032598
-0.1622895
-0.39018348
0.81364832
1.2509365
0.2696147
-0.4874626
1.7676131
