-0.37840744
-0.95933029
-0.59464897
-0.1630105
-0.43458112
-0.88130011
-1.900484
-0.33616681
-1.0210811
-0.53457303
-0.1475647
0.10025909
-0.13948562
-0.09774802
-0.065429296
-0.53776718
-0.97926718
-1.0994696
-0.20164678
0.53161367
-0.59004474
-0.76414896
-1.7455644
-1.3277068
-1.8544137
-0.55553255
-0.24055909
0.23420553
-0.7156061
-0.89795478
-0.83595947
0.53352616
-1.0250232
-0.9102988
0.15208011
-0.95227419
-1.8249525
-1.1484177
-0.079230307
-0.69611637
-1.4043482
-0.12848998
-0.30811148
-0.82333233
-0.80777232
-0.46683423
0.087137481
0.74718938
-0.84743294
-0.72385177
-1.2212315
-0.50935878
-0.32184772
-0.68570692
0.28495972
-0.96306641
-0.53710621
0.22187682
-0.86208401
-1.4131395
0.62749681
-0.51475412
-0.69683626
-1.7042139
0.057280585
-0.50440686
-0.60730349
-0.20791101
-0.56131919
-0.97012397
-0.20797952
-0.93768827
-0.2760821
0.38772572
-1.6280239
-1.1005953
-1.1256393
-0.84286998
0.13454006
-2.236965
-0.10886284
-0.47921191
-0.989008
-0.63691104
-0.71663604
-0.73501723
-0.098793345
-0.66389789
-1.1989508
-0.85555117
-0.45398087
-0.57495965
-0.52804841
-0.88618215
-0.92587088
-0.41037347
-1.0066536
1.3204027
-0.82373501
-1.7209281
2.2890095
0.39291404
0.67108657
-0.20887054
0.99270883
0.75154682
1.5947475
-0.28306012
0.37196451
-0.073139145
1.0100739
0.52090527
-0.011234492
0.1364735
-0.32734918
0.92137065
0.094877357
0.015346405
-0.95589109
0.18238867
0.63897455
-0.24256329
0.60443524
0.2718947
-0.24623056
-0.22073563
0.71602374
0.62353938
0.51623396
0.19172845
0.17090129
0.86842546
0.48654197
0.96664752
2.5947737
0.86019047
-0.32782569
0.50646178
0.19132949
0.51114141
0.065558491
0.68366379
-0.5779865
0.4472081
0.90818654
0.58834293
-0.56158064
0.85475264
1.2989517
-1.0719054
2.8450244
0.51663978
0.96054593
-0.64189372
2.1889161
-0.52671902
0.10581746
0.59721564
0.2508392
0.76303679
0.95799795
0.25810532
-0.82501866
0.73997015
1.0512174
-0.15872196
0.22075147
0.47579417
-0.20587807
0.75726772
0.55069808
-0.24725614
-0.91402947
1.0132171
0.59595795
0.64898171
1.737253
-0.56217424
0.59443249
0.53523777
1.4838772
-0.30841547
-0.45922063
-0.81674446
0.48482956
-0.095936003
0.95718847
0.49998954
0.06276241
0.46824858
1.2109919
-0.47429866
0.50309864
0.74692373
0.69896492
0.67861897
0.30734352
1.372657
0.22190736
0.79565213
