-0.30318313
-0.019546427
-1.1236697
-0.96176004
-0.38121977
-1.0946357
-0.63225156
-0.21248747
-0.039502185
-0.21442285
-0.68298174
-1.2251926
-1.0661638
-0.80547877
-0.93698929
-0.18608929
-1.057049
-0.20423843
-0.5258263
-1.5548546
0.29228581
-0.52757099
0.74253228
-1.2885622
-1.1079237
-1.6353997
-0.26092702
-0.69078849
-0.61278657
-0.77782376
0.43040952
-0.080954388
-0.090516664
-0.19821211
-1.3164326
-0.711457
-1.0228944
-1.2127969
0.40131588
-0.39699239
-0.47721328
-0.57524283
-0.54379556
-0.43548379
-0.64419636
-1.5496433
-0.014030959
-0.56907243
-1.0022992
-1.5302212
-0.67019597
-0.72040962
-0.57784576
-0.38787169
-1.036554
-0.076588829
-1.3160365
1.2111873
-0.51240582
-1.2701557
-0.65034151
-1.2980594
-0.4194703
-0.13101422
-0.9317459
-0.068253589
-0.42556273
0.22547877
-0.81304723
-0.77681268
0.0087990153
-0.45410565
-0.8656932
-0.6589978
-0.59523459
-0.13291387
0.54558241
-1.0879859
-0.91627772
-0.043725715
-0.88880236
-0.62999212
0.62411459
-0.76169782
-0.28989824
0.38955242
-0.42391783
-0.93356793
-0.27914464
0.17783459
-0.23389687
-0.9927571
-1.2500715
-0.6842331
0.98008881
-0.43634216
-0.34213147
-0.26292219
-0.422399
-0.7916604
0.46024203
0.62852073
0.86879673
0.53836386
0.9460718
1.2310248
0.84297331
1.2387063
0.99595926
0.33513609
0.70584279
-0.17299433
1.2242687
1.8055302
0.94113421
-0.052986219
0.491095
0.088426677
1.2835868
0.96201599
0.062493233
1.7920828
-0.30994449
1.5498345
0.88470462
0.8339158
1.0604631
0.81929104
1.5092212
0.99555788
0.35391386
0.790917
0.21757836
1.0445135
0.34045308
0.88587944
0.48519945
0.76812165
0.38495568
1.0873286
0.80089376
1.8246468
1.4779037
-0.074589264
0.7319572
0.57107822
0.89287878
0.34939438
1.1763644
0.67431741
1.5683548
0.65341844
1.1977779
0.74620061
0.13311078
0.89467414
0.91038868
1.3671809
1.2226801
1.3330757
1.4270345
0.54584393
0.92653726
0.25875853
0.85792699
-0.65805478
1.8104366
0.85864481
0.28961216
0.96449274
1.4496721
0.65481656
0.59499993
1.1932726
0.6188502
0.89753992
-0.029136385
1.6980792
0.48301539
0.23457117
0.22220541
-0.3238332
0.77091877
0.40213636
-0.042653977
0.45621299
0.2532915
-0.39769519
0.41105154
-0.61036456
0.37977337
-0.66648504
0.55606134
1.0976972
1.2626333
0.64717673
0.63322871
0.91914859
1.2508532
0.037108874
