-0.70124046
-1.1657989
-0.56208937
-0.75408154
-1.5916742
-1.6871868
-1.6013303
-1.3831709
0.2343331
-0.41533159
-0.63952334
-1.0179247
-1.4543596
-0.41018512
-0.32477014
-0.56768605
-0.38900486
-1.2993173
-0.73359929
0.26689732
-0.1060887
-0.034930853
0.37383007
0.16294874
0.12649801
-1.5230673
-1.3611736
0.23527439
-0.38950647
-0.799871
-0.42835769
-1.8614342
-0.88334968
-0.03850846
0.22283295
-0.18922154
0.22175273
-1.0948711
-0.41303293
-0.73222987
-1.5881257
-1.8164956
-0.68904015
0.28966225
-0.37419354
-1.4845594
-0.64701151
-0.285468
-0.84464891
-1.3069315
-0.62252548
-2.070503
-0.2592555
-0.59203067
-0.97378566
-1.5202316
-0.3854089
-1.2786683
-0.16012244
-1.7383253
-0.37272759
-1.5075839
-1.7408426
-1.3158036
-1.0428844
-1.2848389
-1.2065309
-1.0449704
-0.064504657
-0.33939729
-0.57530938
0.38632181
-0.25185544
-0.97911098
-0.58188944
-1.2847488
-0.58887168
-0.78328356
-0.95116886
-0.2509137
-0.0017466346
-0.50595447
-0.80211128
-0.89376006
-0.68788514
-0.77515352
-1.6256089
-0.70982266
-1.5197873
-0.55488899
0.054515036
0.05939409
-1.2658219
-0.65546286
-0.30970527
-1.4816718
-0.752814
-0.48797652
-0.32083
-0.52286356
0.99289062
0.036228653
1.5458907
0.45553497
0.72313658
0.38111763
0.30825404
0.46924172
0.79051261
0.5461876
0.20649522
1.9323265
0.98643181
0.044313453
2.1718233
0.15451381
2.0932651
0.1274028
-0.43397479
-0.078040004
1.293991
-0.43910365
-0.22065618
1.0227587
0.93113625
0.41669764
0.52798888
1.2059339
0.68867549
0.45991102
0.8099165
1.448103
0.72811117
0.7672994
0.40323306
0.12711722
0.40259091
0.75757441
-0.71319813
1.0278219
0.26706808
0.26695236
1.0639177
2.3779562
0.61107327
1.6794144
0.68162029
0.3898443
0.7834665
-0.64583306
0.90093801
1.0488714
1.3078605
0.15188913
1.9079213
1.1625076
0.07598738
1.0814108
0.65940948
0.72391329
-0.75823409
0.6443603
0.81090379
1.9571812
-0.098233028
0.9601642
1.4447726
0.17659544
0.78898602
0.047028126
1.0196332
0.34166978
0.92894163
1.8614241
0.92333345
1.9808239
0.41571202
-0.16598178
0.17971
1.1513691
2.2623611
0.87007007
0.4079744
1.5872738
0.89571796
0.46592693
0.96578782
0.31129565
0.29260684
-0.68278324
0.63683705
1.0731082
1.5045963
1.6613838
0.72403312
1.4930955
-0.39237674
1.0741063
0.49916056
0.16151743
