-0.62439588
-0.4533251
-0.73491787
-0.20265961
-0.80708948
-0.12241037
-0.34384412
-0.58548546
0.11068618
-0.3494254
-0.5238514
-0.17000585
-0.28690127
-0.72604123
-0.51095339
-0.46572874
-0.5488325
-0.49442767
-0.4006806
-0.08712841
-0.2378711
-0.59324383
-0.56905169
-0.024917034
-1.2571835
-0.63665358
-1.4661866
-0.22564054
-0.62797747
-0.13089263
-0.54827336
-0.82977643
-0.84981725
-0.48131963
-0.10311741
0.80882782
-0.76492952
-0.44460242
-0.61030985
-0.92590736
0.052159601
-0.82172803
-1.2801106
-1.0096202
-0.0075188384
-0.50433616
-0.99939372
-0.13649745
-0.67853976
-0.50184568
-0.45684921
-0.16330524
-0.14049378
-1.0575786
0.028480803
-0.57301514
0.2734433
-1.0907908
-0.20925096
-0.86388772
0.12770645
-1.3753918
-0.10757509
0.050602951
-1.3712212
-0.45606063
-0.8012289
-0.4183244
-0.14773396
-1.1750093
0.18321349
-0.6098936
-0.25391929
0.045908969
-0.53353262
-0.26370648
0.14225191
-0.49688454
0.34112622
-0.3034135
-0.75109576
-1.0054752
-1.9034828
-1.2031587
-0.15101849
-0.63306368
-0.21605011
-0.46580908
-0.69759484
0.0658328
-0.39533166
-0.78769867
-0.29730852
0.13114551
-0.81513862
-0.8068224
0.046724139
-0.88949945
-0.6239136
0.20839587
0.22942385
-0.064273825
1.5265674
0.21533467
-0.10025449
0.57859972
0.73819402
0.0079888589
0.35254306
-0.053672977
-0.37889821
-0.57063052
0.96204797
0.5236733
0.23307585
-0.0039862867
0.9936209
0.12869609
0.54720847
1.0999526
-0.2920173
-0.26306679
-0.039593595
0.35767275
0.047891615
0.052551701
0.4725335
0.39325868
0.27686208
0.06904835
0.9295633
0.11276343
-0.11628347
0.2090691
-0.13717
-0.2055367
0.66135431
0.18659451
1.3120499
0.81061542
0.29691773
-0.42619391
0.47632974
0.85319733
0.97502931
0.24792708
1.3927238
0.22154715
-0.36904711
-0.1325992
1.3461075
0.88772432
0.57522294
-0.25626951
0.72265091
0.60280261
1.4551371
-0.12188911
0.52437154
0.33567775
0.96579577
0.19331946
0.59435531
-0.62528907
0.56899339
0.49988364
1.0509662
1.0955164
0.43677999
-0.70437872
0.39110707
0.9499636
1.2816269
1.1581949
-0.10024781
0.82975317
0.8295426
0.40447552
-0.18177067
0.12373311
1.1422973
1.5212734
0.11195523
0.83518464
0.62953066
0.54077244
0.56116659
0.94172661
0.42395274
0.54060648
-0.32470865
-0.040691414
0.32418718
0.60040884
0.37262851
0.58396027
0.0075315727
1.1097263
0.099351521
0.92416129
