-0.37191369
-0.77352266
-0.51268486
-1.2333453
-0.83374155
-0.779875
-0.46027079
-0.50742959
-0.96038935
-0.27413593
-0.14946528
-0.82882388
-1.0934005
-1.1498492
-1.3940258
-0.61355672
-0.5574125
-0.51016587
-0.75398004
-0.090098825
-0.36963953
-1.0010572
-0.3067961
-0.51172853
-0.51168586
-0.59455526
-0.99298199
0.47871425
-0.68435486
-0.69415036
-1.389212
-1.2975261
-0.2730282
-0.74169673
-0.68735342
-0.74885768
-1.3605054
-1.0860123
-1.1735966
-1.1363972
-0.73001947
-0.766706
-0.078473411
-0.64535634
0.28752659
-0.18272678
-0.66316237
-0.85263002
-0.26211553
-1.0323879
-0.41711862
-0.691759
-0.90564608
-0.96643532
-0.87134452
-0.60450652
-0.38577533
-0.68562762
-1.1136632
-0.59355355
-0.35424351
-0.60295845
0.086681058
-0.59055525
-0.76947879
-1.1359583
-1.5713284
-0.45213602
-0.24277598
-0.67975461
0.12793858
-0.029440718
-0.12400787
-1.5080314
-0.31771362
-1.6327787
-0.31717004
-0.038533839
-0.10315094
0.45031522
-0.54793943
-0.58814447
-0.80766274
0.29552243
-1.5562854
-0.26563564
-0.85290534
-0.41893761
0.54563015
-0.86094547
0.32459164
-0.68485382
-0.1309245
-0.65531392
-0.92590021
-0.87489775
-0.96463605
0.38095331
-0.42934492
-0.86930933
0.055647545
-0.01400826
0.68551309
-1.1325838
0.36352674
-0.08907792
-0.92352999
0.61490162
0.15387485
-1.1717889
-0.1233718
-0.70411765
0.25883915
-0.1827995
1.1268219
2.208925
0.94100243
0.47364704
-0.64744649
-0.18469292
-0.81486389
-0.40423671
0.75102869
-0.78516456
0.37986391
0.47210567
-0.47875889
-0.11673494
-0.005864732
1.6863132
0.39504916
0.030689233
-0.88940807
-0.52772246
-0.6793931
1.0223389
0.94072181
0.9845134
0.18387705
2.3502509
-0.1955703
-0.2862573
0.47198883
-0.062437131
0.32126907
1.1283512
-0.051127383
0.94122297
0.38563678
-1.0495652
1.7282477
-0.055577212
-0.32712585
0.56359021
1.2742924
1.2986923
-0.029730695
0.34359615
0.51967473
-0.69166591
0.32401369
1.6843492
0.038724894
2.7046094
-0.58528009
0.024892897
1.1702535
2.3201311
0.28574199
1.475616
-0.41485425
-0.65345365
0.97854803
2.0639448
0.072960178
-0.89381257
0.61514708
0.11820891
-0.33893226
-0.37584479
1.1264716
0.53055026
-0.1683272
0.077388282
-0.047955029
0.37116652
1.4671929
0.050541485
0.89874478
0.53583205
2.6584171
0.32899718
1.5013703
-0.44271606
0.44326278
1.0200273
1.0079559
0.094082905
1.0976131
0.58877667
