-1.013758
0.25072801
-0.65016176
-0.29881961
-0.077800815
-0.46919648
0.12080531
-1.025594
-1.0876745
0.11068336
-0.52149379
-0.18136695
0.58644699
-0.80888607
-0.8105616
-1.0489636
-0.30936601
-0.32629292
-1.2065837
-0.54907336
0.38877396
-0.82099434
-0.17519486
-0.079323197
-0.079093148
-0.62831299
-0.87742858
-0.9438269
-0.91259941
-0.41615903
-1.1297262
-1.2826026
-0.2336607
0.79459451
-0.048760807
-0.013396073
-0.57791226
-0.39671196
-0.55513777
-0.08141673
0.83126994
-0.79712746
-1.4922191
-0.28004002
-0.26247057
-0.38736731
-0.46102554
-0.80784165
0.41340779
-0.046659095
-1.0280239
-0.25376698
-0.33304875
0.01431584
-0.14163746
-0.8598869
-0.92051817
-0.33883102
-0.3424665
-0.33843538
0.044411519
-0.19775282
-0.023040106
-1.2139376
-0.23183796
-0.54470425
-0.66393336
-0.98649363
-0.78948917
-0.49792007
0.23108724
-0.43962562
-0.41729808
-0.91290781
-0.29114608
-0.41493973
0.11353715
-1.1124018
-0.085722135
-0.86819144
-0.77975137
-0.40689316
-0.8540166
-0.24920589
-0.63483123
-0.48306353
-0.44466523
-0.41773008
-0.11829465
-0.76653586
-0.07218903
-0.42134324
0.027446706
-0.8585538
-0.83564381
-0.7283381
-0.40014164
-0.52804193
-1.0712844
-0.7964546
-0.40919066
0.59585917
0.24550906
0.096912906
0.061686367
-0.18882773
1.149491
1.2539902
-0.055454675
0.76368254
0.46944524
1.0779491
0.94092191
0.81819283
0.62236713
0.52832023
1.2055434
-0.082566418
0.33492088
1.0862029
-0.29682349
0.22622413
1.6892002
-0.21920352
0.7206831
0.86321234
-0.059068449
0.46046534
-0.077062781
0.5950578
1.1845336
1.0143051
0.64513799
0.21924648
0.57672752
0.29520928
0.85880317
-0.053626374
0.24485229
0.46742181
-0.25951412
0.15564381
-0.38255135
-0.050379041
1.35878
1.0643146
-0.17569369
0.16620182
0.36035759
1.3142924
0.2915745
0.5537101
0.28570867
1.3944969
0.50952146
-0.5382569
1.1756497
0.35023556
0.29947838
-0.19012741
1.6346983
0.66428133
0.70275383
0.65717282
0.47773318
0.89379587
0.19716038
-0.22236734
0.6898916
0.27344216
0.26412908
1.1708192
0.21417111
0.45442948
0.63736568
1.0991651
0.17877603
1.6317703
1.0222309
-0.15724194
1.3697366
0.42815227
0.90030581
1.0684897
-0.28024326
0.42820464
0.53995103
0.73255199
0.66351006
-0.0076909835
0.71153103
1.4023371
0.38482749
1.2874908
0.01821316
0.57020033
0.45196166
0.17365365
0.86097498
0.18558335
