-0.4718035
-0.74593157
-0.69633126
-1.2684979
-0.16143614
-0.58344522
-0.76017748
-0.18380638
-0.93322778
-0.12506846
-0.33915331
-0.51006516
-0.71177005
-0.8206546
0.11147554
-0.51154582
-0.47833054
-0.21966103
-0.90002168
-0.52214463
-0.37198201
-0.37099522
-0.5476987
-0.058176351
-0.30425837
-0.81150139
-0.14477969
-0.60488763
-0.59738138
-0.96358071
-0.12263231
-0.4423241
-0.093800258
-0.53839053
-0.45507754
-0.35897709
-1.1322889
-0.11793998
-0.50726695
-0.88262185
-0.63580372
-0.37575379
0.38734432
-0.81377329
-1.111191
-0.53156146
0.437006
-0.50900869
0.20482317
-0.48490168
-0.89403324
-0.41845037
0.13498437
-0.37801911
-0.84308488
0.062809708
-0.688303
-0.28132196
-1.0276613
-0.48902803
-0.45125774
0.019586408
-0.37357974
-0.5739867
-1.0091197
-0.21324793
-0.23984715
-0.15222791
-0.41420268
0.39133796
-0.45603721
-1.1124764
0.11721654
-0.91844116
-0.3362112
0.11302944
-0.78828421
-0.35872159
-0.92536452
-0.114952
-2.4256902
-0.47088485
-1.0380584
-0.40867603
-0.398613
-0.23462658
-0.60846257
-0.86271333
-0.33252359
-1.2131099
-0.50072121
-0.74976288
-0.3159307
0.26306571
-0.62125018
-1.1004969
-0.65465973
-0.30092651
-1.5482704
-0.037719462
0.34944599
1.624431
0.75953921
1.5017214
1.0252722
-0.31184965
0.26588372
0.9808858
0.5448937
0.36389356
-0.11661546
0.58976271
-0.53722107
0.5301849
1.9577018
-0.0047318824
1.0729816
0.49782836
0.73931807
0.38654535
1.0679355
-0.059212769
-0.16477576
0.27655505
1.0052304
-0.080798962
0.048204633
-0.20659874
-0.064807698
0.3642673
-0.15267745
0.78077789
1.819809
0.24224617
1.1117729
0.64425914
0.86458496
0.62001473
-0.090779657
0.33615152
1.0013704
-0.4366882
0.68890346
0.60777423
0.80062951
0.51054364
0.26980876
0.36177942
0.95229693
-0.29833135
-0.5568105
-0.12235364
0.49021908
0.40947514
0.4088064
0.12240058
0.94876913
1.4785293
0.34103267
0.88660118
-0.48898572
0.72613686
-0.26546169
0.56796388
0.60552897
0.69097207
0.42929353
-0.055821941
0.68465586
0.36868788
0.4501102
0.23809592
0.15468742
1.2958701
-0.070786337
0.42893279
0.6535276
1.229655
0.0078606346
-0.49471883
-0.43802011
0.71528856
0.0087784993
1.6543883
0.1929877
0.27685654
-0.61766616
0.13336614
0.97105408
1.3465349
0.61008205
0.55549883
1.3277041
-0.033328908
0.039126285
0.1760929
0.43028095
0.40855384
-0.19924479
0.92248472
